2000      1                0.1               19.8  
2000      2                3.9               84.1  
2000      3                6.3               74.7  
2000      4               10.4               44.4  
2000      5               15.4               91.6  
2000      6               18.4              115.6
2000      7               16.5              245.4
2000      8               19.2              184.1
2000      9               15.3              116.8  
2000     10               10.3               80.2  
2000     11                5.5               72.2  
2000     12                3.6               23.3  
2001      1                1.7               87.9  
2001      2                3.5               29.3  
2001      3                7.5              171.5  
2001      4                7.3              167.9  
2001      5               15.8               92.1  
2001      6               15.8              241.3  
2001      7               19.2              140.7  
2001      8               19.5              187.6  
2001      9               12.0              167.7  
2001     10               12.8               77.1
2001     11                3.5               75.5  
2001     12                0.6               33.1  
2002      1                0.6                9.1  
2002      2                5.5               97.8  
2002      3                7.3               47.8  
2002      4                9.3               77.5  
2002      5               13.3              149.6  
2002      6               19.4              235.4  
2002      7               18.6              189.8  
2002      8               17.8              161.7  
2002      9               13.1              163.3  
2002     10               10.1               91.2  
2002     11                6.3              174.7  
2002     12                3.9               62.6  
2003      1                0.6               48.2  
2003      2               -1.3               30.7  
2003      3                7.2               62.6  
2003      4                9.6               71.9  
2003      5               14.9              127.2  
2003      6               22.2              146.7  
2003      7               20.4              123.9  
2003      8               22.7               60.8  
2003      9               15.0               50.2  
2003     10                7.2              131.6  
2003     11                5.2               70.2  
2003     12                1.0               33.4  
2004      1                1.6               96.3  
2004      2                1.8               39.3  
2004      3                4.4               90.4  
2004      4                9.7              104.3  
2004      5               12.4              129.8  
2004      6               16.7              180.9  
2004      7               18.4              119.8  
2004      8               19.1              109.3  
2004      9               15.7               78.0  
2004     10               11.8               78.7  
2004     11                4.6               23.2  
2004     12                1.0               34.9  
2005      1                0.0               41.5  
2005      2               -1.1               41.6  
2005      3                5.6               46.7  
2005      4                9.8              143.5  
2005      5               14.2              110.1  
2005      6               18.9               90.5  
2005      7               18.9              163.4  
2005      8               16.5              292.5  
2005      9               15.9               79.0  
2005     10               10.9               69.9  
2005     11                4.2               32.8  
2005     12                0.1               28.9  
2006      1               -1.5               12.2  
2006      2                0.8               37.4  
2006      3                3.7              136.7  
2006      4                9.0              188.9  
2006      5               13.8              198.9  
2006      6               18.2               75.7  
2006      7               22.8               61.0  
2006      8               15.4              223.1  
2006      9               17.2              122.4  
2006     10               12.8               43.2  
2006     11                6.6               38.4  
2006     12                2.2               64.5  
2007      1                4.0               42.5  
2007      2                4.3               55.7  
2007      3                5.9               93.6  
2007      4               13.7               18.1  
2007      5               15.2              182.5  
2007      6               17.5              188.2  
2007      7               18.1              221.7  
2007      8               17.5              218.0  
2007      9               13.7               78.9  
2007     10                9.9               40.9  
2007     11                3.4               45.6  
2007     12                1.4               76.0  
2008      1                2.3               43.8  
2008      2                2.9               47.1  
2008      3                5.5               61.8  
2008      4                8.5              130.6  
2008      5               15.8               18.4  
2008      6               17.7              126.7  
2008      7               18.8              206.1  
2008      8               18.1              184.6  
2008      9               13.1              176.4  
2008     10               10.2              101.5  
2008     11                4.5               30.9  
2008     12                0.9               51.2  
2009      1               -1.3               30.6  
2009      2                0.7               52.5  
2009      3                4.8               69.2  
2009      4               12.0               24.9  
2009      5               16.0               69.0  
2009      6               16.9              194.1  
2009      7               19.1              174.4  
2009      8               20.1              120.9  
2009      9               16.0               38.5  
2009     10                9.8               75.2  
2009     11                6.9              112.9  
2009     12                1.1              105.4  
2010      1               -1.3               42.5  
2010      2                1.1               35.7  
2010      3                5.0               38.9  
2010      4               10.4               23.7  
2010      5               12.3              178.7  
2010      6               17.3              148.2  
2010      7               20.3              256.5  
2010      8               17.6              242.8  
2010      9               13.7              158.9  
2010     10                9.2               69.6  
2010     11                5.4               43.9  
2010     12               -0.9              121.2  
2011      1                1.3               62.4  
2011      2                2.7               45.7  
2011      3                6.5               48.1  
2011      4               12.8               26.0  
2011      5               15.5              171.7  
2011      6               17.1              113.0  
2011      7               17.0              169.4  
2011      8               19.7              131.7  
2011      9               16.7              124.7  
2011     10                9.8               88.5  
2011     11                5.2                0.0  
2011     12                3.8              139.6  
2012      1                2.7               75.2  
2012      2               -2.9               12.4  
2012      3                7.6               44.3  
2012      4                9.4              101.5  
2012      5               14.8              111.6  
2012      6               18.2              151.6  
2012      7               18.7               86.8  
2012      8               19.9              251.6  
2012      9               14.6              110.8  
2012     10               10.0              134.0  
2012     11                5.9              115.9  
2012     12                1.7              110.2  
2013      1                1.0               72.4  
2013      2               -0.6               78.0  
2013      3                3.3               70.5  
2013      4                9.5               83.4  
2013      5               11.7              201.0  
2013      6               16.6              109.1  
2013      7               20.9              103.8  
2013      8               19.0              112.3  
2013      9               15.2              133.7  
2013     10               11.9               95.9  
2013     11                4.7              120.3  
2013     12                1.1               32.0  
2014      1                3.0               54.5  
2014      2                4.2               73.4  
2014      3                7.3               37.4  
2014      4               11.4              130.2  
2014      5               13.2              148.8  
2014      6               18.3              165.9  
2014      7               18.2              276.8  
2014      8               16.9              217.0  
2014      9               15.7               66.3  
2014     10               12.7              102.5  
2014     11                6.9               89.4  
2014     12                2.9               56.0  
2015      1                2.1               92.5  
2015      2                0.1               33.4  
2015      3                6.6               71.0  
2015      4               10.5              113.4  
2015      5               14.5              218.6  
2015      6               18.7              180.5  
2015      7               22.6               74.7  
2015      8               20.4              100.5  
2015      9               13.5               54.6  
2015     10                9.6               67.1  
2015     11                7.2               79.6  
2015     12                3.5               37.5  
2016      1                3.1               91.5  
2016      2                4.3              104.4  
2016      3                5.2               40.6  
2016      4                9.6              159.2  
2016      5               13.2              270.5  
2016      6               17.0              208.8  
2016      7               20.1              176.2  
2016      8               19.1              128.9  
2016      9               16.8               78.3  
2016     10                8.9               89.4  
2016     11                5.2               74.1  
2016     12                0.9                0.9  
2017      1               -2.2               76.0  
2017      2                3.8               83.9  
2017      3                8.8               92.9  
2017      4                9.3              140.3  
2017      5               15.0              112.6  
2017      6               20.2              102.7  
2017      7               19.6              135.3  
2017      8               19.6              152.2  
2017      9               13.3               89.2  
2017     10               11.2               54.9  
2017     11                4.8               95.3  
2017     12                1.6              109.6  
2018      1                5.2              107.0  
2018      2               -0.6               78.2  
2018      3                4.0               92.0  
2018      4               13.3               39.0  
2018      5               15.6              134.5  
2018      6               19.2               78.0  
2018      7               21.6               61.2  
2018      8               20.9              152.7  
2018      9               16.6              138.3  
2018     10               11.1               52.9  
2018     11                6.1               15.4  
2018     12                4.1              112.6  
2019      1                0.7               43.1  
2019      2                3.3               55.1  
2019      3                7.4               43.2  
2019      4                9.5               78.7  
2019      5               11.4              164.0  
2019      6               20.1               74.9  
2019      7               21.3              147.1  
2019      8               19.2              158.1  
2019      9               15.6               78.7  
2019     10               12.1              151.7  
2019     11                5.8               84.5  
2019     12                4.1               52.4  
2020      1                2.2               37.9  
2020      2                6.4               92.0  
2020      3                6.1               66.6  
2020      4               12.9               29.6  
2020      5               14.4              135.5  
2020      6               16.9              218.0  
2020      7               20.1              142.8  
2020      8               19.6              218.6  
2020      9               16.4               43.2  
2020     10                9.8              118.8  
2020     11                5.9               30.0  
2020     12                2.3               93.2  